(kicad_pcb (version 20171130) (host pcbnew "(5.1.9)-1")

  (general
    (thickness 1.6)
    (drawings 8)
    (tracks 216)
    (zones 0)
    (modules 34)
    (nets 48)
  )

  (page A4)
  (layers
    (0 F.Cu signal)
    (31 B.Cu signal)
    (32 B.Adhes user)
    (33 F.Adhes user)
    (34 B.Paste user)
    (35 F.Paste user)
    (36 B.SilkS user)
    (37 F.SilkS user)
    (38 B.Mask user)
    (39 F.Mask user)
    (40 Dwgs.User user)
    (41 Cmts.User user)
    (42 Eco1.User user)
    (43 Eco2.User user)
    (44 Edge.Cuts user)
    (45 Margin user)
    (46 B.CrtYd user)
    (47 F.CrtYd user)
    (48 B.Fab user)
    (49 F.Fab user)
  )

  (setup
    (last_trace_width 0.25)
    (trace_clearance 0.2)
    (zone_clearance 0.508)
    (zone_45_only yes)
    (trace_min 0.2)
    (via_size 0.8)
    (via_drill 0.4)
    (via_min_size 0.4)
    (via_min_drill 0.3)
    (uvia_size 0.3)
    (uvia_drill 0.1)
    (uvias_allowed no)
    (uvia_min_size 0.2)
    (uvia_min_drill 0.1)
    (edge_width 0.05)
    (segment_width 0.2)
    (pcb_text_width 0.3)
    (pcb_text_size 1.5 1.5)
    (mod_edge_width 0.12)
    (mod_text_size 1 1)
    (mod_text_width 0.15)
    (pad_size 1.524 1.524)
    (pad_drill 0.762)
    (pad_to_mask_clearance 0)
    (aux_axis_origin 0 0)
    (visible_elements 7FFFFF7F)
    (pcbplotparams
      (layerselection 0x010fc_ffffffff)
      (usegerberextensions false)
      (usegerberattributes true)
      (usegerberadvancedattributes true)
      (creategerberjobfile true)
      (excludeedgelayer true)
      (linewidth 0.100000)
      (plotframeref false)
      (viasonmask false)
      (mode 1)
      (useauxorigin false)
      (hpglpennumber 1)
      (hpglpenspeed 20)
      (hpglpendiameter 15.000000)
      (psnegative false)
      (psa4output false)
      (plotreference true)
      (plotvalue true)
      (plotinvisibletext false)
      (padsonsilk false)
      (subtractmaskfromsilk false)
      (outputformat 1)
      (mirror false)
      (drillshape 1)
      (scaleselection 1)
      (outputdirectory ""))
  )

  (net 0 "")
  (net 1 GND)
  (net 2 "Net-(C1-Pad1)")
  (net 3 "Net-(C2-Pad1)")
  (net 4 VCC)
  (net 5 "Net-(C8-Pad1)")
  (net 6 "Net-(D1-Pad2)")
  (net 7 /row0)
  (net 8 "Net-(D2-Pad2)")
  (net 9 "Net-(D3-Pad2)")
  (net 10 "Net-(D4-Pad2)")
  (net 11 /row1)
  (net 12 "Net-(D5-Pad2)")
  (net 13 "Net-(D6-Pad2)")
  (net 14 "Net-(D7-Pad2)")
  (net 15 /row2)
  (net 16 "Net-(D8-Pad2)")
  (net 17 "Net-(D9-Pad2)")
  (net 18 "Net-(J1-Pad2)")
  (net 19 "Net-(J1-Pad3)")
  (net 20 "Net-(J1-Pad4)")
  (net 21 /col0)
  (net 22 /col1)
  (net 23 /col2)
  (net 24 "Net-(R1-Pad1)")
  (net 25 "Net-(R2-Pad2)")
  (net 26 "Net-(R3-Pad1)")
  (net 27 "Net-(R4-Pad1)")
  (net 28 "Net-(U1-Pad1)")
  (net 29 "Net-(U1-Pad8)")
  (net 30 "Net-(U1-Pad9)")
  (net 31 "Net-(U1-Pad10)")
  (net 32 "Net-(U1-Pad11)")
  (net 33 "Net-(U1-Pad12)")
  (net 34 "Net-(U1-Pad18)")
  (net 35 "Net-(U1-Pad19)")
  (net 36 "Net-(U1-Pad20)")
  (net 37 "Net-(U1-Pad21)")
  (net 38 "Net-(U1-Pad22)")
  (net 39 "Net-(U1-Pad25)")
  (net 40 "Net-(U1-Pad26)")
  (net 41 "Net-(U1-Pad27)")
  (net 42 "Net-(U1-Pad28)")
  (net 43 "Net-(U1-Pad29)")
  (net 44 "Net-(U1-Pad30)")
  (net 45 "Net-(U1-Pad31)")
  (net 46 "Net-(U1-Pad32)")
  (net 47 "Net-(U1-Pad42)")

  (net_class Default "This is the default net class."
    (clearance 0.2)
    (trace_width 0.25)
    (via_dia 0.8)
    (via_drill 0.4)
    (uvia_dia 0.3)
    (uvia_drill 0.1)
    (add_net /col0)
    (add_net /col1)
    (add_net /col2)
    (add_net /row0)
    (add_net /row1)
    (add_net /row2)
    (add_net GND)
    (add_net "Net-(C1-Pad1)")
    (add_net "Net-(C2-Pad1)")
    (add_net "Net-(C8-Pad1)")
    (add_net "Net-(D1-Pad2)")
    (add_net "Net-(D2-Pad2)")
    (add_net "Net-(D3-Pad2)")
    (add_net "Net-(D4-Pad2)")
    (add_net "Net-(D5-Pad2)")
    (add_net "Net-(D6-Pad2)")
    (add_net "Net-(D7-Pad2)")
    (add_net "Net-(D8-Pad2)")
    (add_net "Net-(D9-Pad2)")
    (add_net "Net-(J1-Pad2)")
    (add_net "Net-(J1-Pad3)")
    (add_net "Net-(J1-Pad4)")
    (add_net "Net-(R1-Pad1)")
    (add_net "Net-(R2-Pad2)")
    (add_net "Net-(R3-Pad1)")
    (add_net "Net-(R4-Pad1)")
    (add_net "Net-(U1-Pad1)")
    (add_net "Net-(U1-Pad10)")
    (add_net "Net-(U1-Pad11)")
    (add_net "Net-(U1-Pad12)")
    (add_net "Net-(U1-Pad18)")
    (add_net "Net-(U1-Pad19)")
    (add_net "Net-(U1-Pad20)")
    (add_net "Net-(U1-Pad21)")
    (add_net "Net-(U1-Pad22)")
    (add_net "Net-(U1-Pad25)")
    (add_net "Net-(U1-Pad26)")
    (add_net "Net-(U1-Pad27)")
    (add_net "Net-(U1-Pad28)")
    (add_net "Net-(U1-Pad29)")
    (add_net "Net-(U1-Pad30)")
    (add_net "Net-(U1-Pad31)")
    (add_net "Net-(U1-Pad32)")
    (add_net "Net-(U1-Pad42)")
    (add_net "Net-(U1-Pad8)")
    (add_net "Net-(U1-Pad9)")
    (add_net VCC)
  )

  (module Package_QFP:TQFP-44_10x10mm_P0.8mm (layer B.Cu) (tedit 5A02F146) (tstamp 60C47209)
    (at 215.011 86.868)
    (descr "44-Lead Plastic Thin Quad Flatpack (PT) - 10x10x1.0 mm Body [TQFP] (see Microchip Packaging Specification 00000049BS.pdf)")
    (tags "QFP 0.8")
    (path /60613A57)
    (attr smd)
    (fp_text reference U1 (at 0 7.45) (layer B.SilkS)
      (effects (font (size 1 1) (thickness 0.15)) (justify mirror))
    )
    (fp_text value ATMEGA32U4 (at 0 -7.45) (layer B.Fab)
      (effects (font (size 1 1) (thickness 0.15)) (justify mirror))
    )
    (fp_line (start -5.175 4.6) (end -6.45 4.6) (layer B.SilkS) (width 0.15))
    (fp_line (start 5.175 5.175) (end 4.5 5.175) (layer B.SilkS) (width 0.15))
    (fp_line (start 5.175 -5.175) (end 4.5 -5.175) (layer B.SilkS) (width 0.15))
    (fp_line (start -5.175 -5.175) (end -4.5 -5.175) (layer B.SilkS) (width 0.15))
    (fp_line (start -5.175 5.175) (end -4.5 5.175) (layer B.SilkS) (width 0.15))
    (fp_line (start -5.175 -5.175) (end -5.175 -4.5) (layer B.SilkS) (width 0.15))
    (fp_line (start 5.175 -5.175) (end 5.175 -4.5) (layer B.SilkS) (width 0.15))
    (fp_line (start 5.175 5.175) (end 5.175 4.5) (layer B.SilkS) (width 0.15))
    (fp_line (start -5.175 5.175) (end -5.175 4.6) (layer B.SilkS) (width 0.15))
    (fp_line (start -6.7 -6.7) (end 6.7 -6.7) (layer B.CrtYd) (width 0.05))
    (fp_line (start -6.7 6.7) (end 6.7 6.7) (layer B.CrtYd) (width 0.05))
    (fp_line (start 6.7 6.7) (end 6.7 -6.7) (layer B.CrtYd) (width 0.05))
    (fp_line (start -6.7 6.7) (end -6.7 -6.7) (layer B.CrtYd) (width 0.05))
    (fp_line (start -5 4) (end -4 5) (layer B.Fab) (width 0.15))
    (fp_line (start -5 -5) (end -5 4) (layer B.Fab) (width 0.15))
    (fp_line (start 5 -5) (end -5 -5) (layer B.Fab) (width 0.15))
    (fp_line (start 5 5) (end 5 -5) (layer B.Fab) (width 0.15))
    (fp_line (start -4 5) (end 5 5) (layer B.Fab) (width 0.15))
    (fp_text user %R (at 0 0) (layer B.Fab)
      (effects (font (size 1 1) (thickness 0.15)) (justify mirror))
    )
    (pad 1 smd rect (at -5.7 4) (size 1.5 0.55) (layers B.Cu B.Paste B.Mask)
      (net 28 "Net-(U1-Pad1)"))
    (pad 2 smd rect (at -5.7 3.2) (size 1.5 0.55) (layers B.Cu B.Paste B.Mask)
      (net 4 VCC))
    (pad 3 smd rect (at -5.7 2.4) (size 1.5 0.55) (layers B.Cu B.Paste B.Mask)
      (net 26 "Net-(R3-Pad1)"))
    (pad 4 smd rect (at -5.7 1.6) (size 1.5 0.55) (layers B.Cu B.Paste B.Mask)
      (net 27 "Net-(R4-Pad1)"))
    (pad 5 smd rect (at -5.7 0.8) (size 1.5 0.55) (layers B.Cu B.Paste B.Mask)
      (net 1 GND))
    (pad 6 smd rect (at -5.7 0) (size 1.5 0.55) (layers B.Cu B.Paste B.Mask)
      (net 5 "Net-(C8-Pad1)"))
    (pad 7 smd rect (at -5.7 -0.8) (size 1.5 0.55) (layers B.Cu B.Paste B.Mask)
      (net 4 VCC))
    (pad 8 smd rect (at -5.7 -1.6) (size 1.5 0.55) (layers B.Cu B.Paste B.Mask)
      (net 29 "Net-(U1-Pad8)"))
    (pad 9 smd rect (at -5.7 -2.4) (size 1.5 0.55) (layers B.Cu B.Paste B.Mask)
      (net 30 "Net-(U1-Pad9)"))
    (pad 10 smd rect (at -5.7 -3.2) (size 1.5 0.55) (layers B.Cu B.Paste B.Mask)
      (net 31 "Net-(U1-Pad10)"))
    (pad 11 smd rect (at -5.7 -4) (size 1.5 0.55) (layers B.Cu B.Paste B.Mask)
      (net 32 "Net-(U1-Pad11)"))
    (pad 12 smd rect (at -4 -5.7 270) (size 1.5 0.55) (layers B.Cu B.Paste B.Mask)
      (net 33 "Net-(U1-Pad12)"))
    (pad 13 smd rect (at -3.2 -5.7 270) (size 1.5 0.55) (layers B.Cu B.Paste B.Mask)
      (net 24 "Net-(R1-Pad1)"))
    (pad 14 smd rect (at -2.4 -5.7 270) (size 1.5 0.55) (layers B.Cu B.Paste B.Mask)
      (net 4 VCC))
    (pad 15 smd rect (at -1.6 -5.7 270) (size 1.5 0.55) (layers B.Cu B.Paste B.Mask)
      (net 1 GND))
    (pad 16 smd rect (at -0.8 -5.7 270) (size 1.5 0.55) (layers B.Cu B.Paste B.Mask)
      (net 2 "Net-(C1-Pad1)"))
    (pad 17 smd rect (at 0 -5.7 270) (size 1.5 0.55) (layers B.Cu B.Paste B.Mask)
      (net 3 "Net-(C2-Pad1)"))
    (pad 18 smd rect (at 0.8 -5.7 270) (size 1.5 0.55) (layers B.Cu B.Paste B.Mask)
      (net 34 "Net-(U1-Pad18)"))
    (pad 19 smd rect (at 1.6 -5.7 270) (size 1.5 0.55) (layers B.Cu B.Paste B.Mask)
      (net 35 "Net-(U1-Pad19)"))
    (pad 20 smd rect (at 2.4 -5.7 270) (size 1.5 0.55) (layers B.Cu B.Paste B.Mask)
      (net 36 "Net-(U1-Pad20)"))
    (pad 21 smd rect (at 3.2 -5.7 270) (size 1.5 0.55) (layers B.Cu B.Paste B.Mask)
      (net 37 "Net-(U1-Pad21)"))
    (pad 22 smd rect (at 4 -5.7 270) (size 1.5 0.55) (layers B.Cu B.Paste B.Mask)
      (net 38 "Net-(U1-Pad22)"))
    (pad 23 smd rect (at 5.7 -4) (size 1.5 0.55) (layers B.Cu B.Paste B.Mask)
      (net 1 GND))
    (pad 24 smd rect (at 5.7 -3.2) (size 1.5 0.55) (layers B.Cu B.Paste B.Mask)
      (net 4 VCC))
    (pad 25 smd rect (at 5.7 -2.4) (size 1.5 0.55) (layers B.Cu B.Paste B.Mask)
      (net 39 "Net-(U1-Pad25)"))
    (pad 26 smd rect (at 5.7 -1.6) (size 1.5 0.55) (layers B.Cu B.Paste B.Mask)
      (net 40 "Net-(U1-Pad26)"))
    (pad 27 smd rect (at 5.7 -0.8) (size 1.5 0.55) (layers B.Cu B.Paste B.Mask)
      (net 41 "Net-(U1-Pad27)"))
    (pad 28 smd rect (at 5.7 0) (size 1.5 0.55) (layers B.Cu B.Paste B.Mask)
      (net 42 "Net-(U1-Pad28)"))
    (pad 29 smd rect (at 5.7 0.8) (size 1.5 0.55) (layers B.Cu B.Paste B.Mask)
      (net 43 "Net-(U1-Pad29)"))
    (pad 30 smd rect (at 5.7 1.6) (size 1.5 0.55) (layers B.Cu B.Paste B.Mask)
      (net 44 "Net-(U1-Pad30)"))
    (pad 31 smd rect (at 5.7 2.4) (size 1.5 0.55) (layers B.Cu B.Paste B.Mask)
      (net 45 "Net-(U1-Pad31)"))
    (pad 32 smd rect (at 5.7 3.2) (size 1.5 0.55) (layers B.Cu B.Paste B.Mask)
      (net 46 "Net-(U1-Pad32)"))
    (pad 33 smd rect (at 5.7 4) (size 1.5 0.55) (layers B.Cu B.Paste B.Mask)
      (net 25 "Net-(R2-Pad2)"))
    (pad 34 smd rect (at 4 5.7 270) (size 1.5 0.55) (layers B.Cu B.Paste B.Mask)
      (net 4 VCC))
    (pad 35 smd rect (at 3.2 5.7 270) (size 1.5 0.55) (layers B.Cu B.Paste B.Mask)
      (net 1 GND))
    (pad 36 smd rect (at 2.4 5.7 270) (size 1.5 0.55) (layers B.Cu B.Paste B.Mask)
      (net 23 /col2))
    (pad 37 smd rect (at 1.6 5.7 270) (size 1.5 0.55) (layers B.Cu B.Paste B.Mask)
      (net 22 /col1))
    (pad 38 smd rect (at 0.8 5.7 270) (size 1.5 0.55) (layers B.Cu B.Paste B.Mask)
      (net 21 /col0))
    (pad 39 smd rect (at 0 5.7 270) (size 1.5 0.55) (layers B.Cu B.Paste B.Mask)
      (net 15 /row2))
    (pad 40 smd rect (at -0.8 5.7 270) (size 1.5 0.55) (layers B.Cu B.Paste B.Mask)
      (net 11 /row1))
    (pad 41 smd rect (at -1.6 5.7 270) (size 1.5 0.55) (layers B.Cu B.Paste B.Mask)
      (net 7 /row0))
    (pad 42 smd rect (at -2.4 5.7 270) (size 1.5 0.55) (layers B.Cu B.Paste B.Mask)
      (net 47 "Net-(U1-Pad42)"))
    (pad 43 smd rect (at -3.2 5.7 270) (size 1.5 0.55) (layers B.Cu B.Paste B.Mask)
      (net 1 GND))
    (pad 44 smd rect (at -4 5.7 270) (size 1.5 0.55) (layers B.Cu B.Paste B.Mask)
      (net 4 VCC))
    (model ${KISYS3DMOD}/Package_QFP.3dshapes/TQFP-44_10x10mm_P0.8mm.wrl
      (at (xyz 0 0 0))
      (scale (xyz 1 1 1))
      (rotate (xyz 0 0 0))
    )
  )

  (module keebs:Mx_Alps_100 (layer F.Cu) (tedit 5F25CCD9) (tstamp 60C12C0B)
    (at 193.04 114.3)
    (descr MXALPS)
    (tags MXALPS)
    (path /606E612E)
    (fp_text reference K9 (at 0 -3.81) (layer B.SilkS)
      (effects (font (size 1 1) (thickness 0.2)) (justify mirror))
    )
    (fp_text value KEYSW (at 5.334 10.922) (layer B.SilkS) hide
      (effects (font (size 1.524 1.524) (thickness 0.3048)) (justify mirror))
    )
    (fp_line (start -7.62 7.62) (end -7.62 -7.62) (layer Dwgs.User) (width 0.3))
    (fp_line (start 7.62 7.62) (end -7.62 7.62) (layer Dwgs.User) (width 0.3))
    (fp_line (start 7.62 -7.62) (end 7.62 7.62) (layer Dwgs.User) (width 0.3))
    (fp_line (start -7.62 -7.62) (end 7.62 -7.62) (layer Dwgs.User) (width 0.3))
    (fp_line (start 7.75 -6.4) (end -7.75 -6.4) (layer Dwgs.User) (width 0.3))
    (fp_line (start 7.75 6.4) (end 7.75 -6.4) (layer Dwgs.User) (width 0.3))
    (fp_line (start -7.75 6.4) (end 7.75 6.4) (layer Dwgs.User) (width 0.3))
    (fp_line (start -7.75 6.4) (end -7.75 -6.4) (layer Dwgs.User) (width 0.3))
    (fp_line (start -6.985 6.985) (end -6.985 -6.985) (layer Eco2.User) (width 0.1524))
    (fp_line (start 6.985 6.985) (end -6.985 6.985) (layer Eco2.User) (width 0.1524))
    (fp_line (start 6.985 -6.985) (end 6.985 6.985) (layer Eco2.User) (width 0.1524))
    (fp_line (start -6.985 -6.985) (end 6.985 -6.985) (layer Eco2.User) (width 0.1524))
    (fp_line (start -6.35 -4.572) (end -6.35 -6.35) (layer F.SilkS) (width 0.381))
    (fp_line (start -6.35 6.35) (end -6.35 4.572) (layer F.SilkS) (width 0.381))
    (fp_line (start -4.572 6.35) (end -6.35 6.35) (layer F.SilkS) (width 0.381))
    (fp_line (start 6.35 6.35) (end 4.572 6.35) (layer F.SilkS) (width 0.381))
    (fp_line (start 6.35 4.572) (end 6.35 6.35) (layer F.SilkS) (width 0.381))
    (fp_line (start 6.35 -6.35) (end 6.35 -4.572) (layer F.SilkS) (width 0.381))
    (fp_line (start 4.572 -6.35) (end 6.35 -6.35) (layer F.SilkS) (width 0.381))
    (fp_line (start -6.35 -6.35) (end -4.572 -6.35) (layer F.SilkS) (width 0.381))
    (fp_line (start -9.398 9.398) (end -9.398 -9.398) (layer Dwgs.User) (width 0.1524))
    (fp_line (start 9.398 9.398) (end -9.398 9.398) (layer Dwgs.User) (width 0.1524))
    (fp_line (start 9.398 -9.398) (end 9.398 9.398) (layer Dwgs.User) (width 0.1524))
    (fp_line (start -9.398 -9.398) (end 9.398 -9.398) (layer Dwgs.User) (width 0.1524))
    (fp_line (start -6.35 6.35) (end -6.35 -6.35) (layer Cmts.User) (width 0.1524))
    (fp_line (start 6.35 6.35) (end -6.35 6.35) (layer Cmts.User) (width 0.1524))
    (fp_line (start 6.35 -6.35) (end 6.35 6.35) (layer Cmts.User) (width 0.1524))
    (fp_line (start -6.35 -6.35) (end 6.35 -6.35) (layer Cmts.User) (width 0.1524))
    (pad 2 thru_hole oval (at 2.52 -4.79 356.1) (size 2.5 3.08) (drill oval 1.5 2.08) (layers *.Cu *.Mask F.SilkS)
      (net 17 "Net-(D9-Pad2)"))
    (pad 1 thru_hole oval (at -3.255 -3.52 327.5) (size 2.5 4.75) (drill oval 1.5 3.75) (layers *.Cu *.Mask F.SilkS)
      (net 23 /col2))
    (pad "" np_thru_hole circle (at 5.08 0) (size 1.7018 1.7018) (drill 1.7018) (layers *.Cu *.Mask))
    (pad "" np_thru_hole circle (at -5.08 0) (size 1.7018 1.7018) (drill 1.7018) (layers *.Cu *.Mask))
    (pad "" np_thru_hole circle (at 0 0) (size 3.9878 3.9878) (drill 3.9878) (layers *.Cu *.Mask))
  )

  (module Capacitor_SMD:C_0805_2012Metric_Pad1.18x1.45mm_HandSolder (layer B.Cu) (tedit 5F68FEEF) (tstamp 60C458DE)
    (at 210.693 75.565 90)
    (descr "Capacitor SMD 0805 (2012 Metric), square (rectangular) end terminal, IPC_7351 nominal with elongated pad for handsoldering. (Body size source: IPC-SM-782 page 76, https://www.pcb-3d.com/wordpress/wp-content/uploads/ipc-sm-782a_amendment_1_and_2.pdf, https://docs.google.com/spreadsheets/d/1BsfQQcO9C6DZCsRaXUlFlo91Tg2WpOkGARC1WS5S8t0/edit?usp=sharing), generated with kicad-footprint-generator")
    (tags "capacitor handsolder")
    (path /60614E1F)
    (attr smd)
    (fp_text reference C1 (at 2.921 0 90) (layer B.SilkS)
      (effects (font (size 1 1) (thickness 0.15)) (justify mirror))
    )
    (fp_text value 22p (at 0 -1.905 90) (layer B.Fab)
      (effects (font (size 1 1) (thickness 0.15)) (justify mirror))
    )
    (fp_line (start -1 -0.625) (end -1 0.625) (layer B.Fab) (width 0.1))
    (fp_line (start -1 0.625) (end 1 0.625) (layer B.Fab) (width 0.1))
    (fp_line (start 1 0.625) (end 1 -0.625) (layer B.Fab) (width 0.1))
    (fp_line (start 1 -0.625) (end -1 -0.625) (layer B.Fab) (width 0.1))
    (fp_line (start -0.261252 0.735) (end 0.261252 0.735) (layer B.SilkS) (width 0.12))
    (fp_line (start -0.261252 -0.735) (end 0.261252 -0.735) (layer B.SilkS) (width 0.12))
    (fp_line (start -1.88 -0.98) (end -1.88 0.98) (layer B.CrtYd) (width 0.05))
    (fp_line (start -1.88 0.98) (end 1.88 0.98) (layer B.CrtYd) (width 0.05))
    (fp_line (start 1.88 0.98) (end 1.88 -0.98) (layer B.CrtYd) (width 0.05))
    (fp_line (start 1.88 -0.98) (end -1.88 -0.98) (layer B.CrtYd) (width 0.05))
    (fp_text user %R (at 0 0 90) (layer B.Fab) hide
      (effects (font (size 0.5 0.5) (thickness 0.08)) (justify mirror))
    )
    (pad 2 smd roundrect (at 1.0375 0 90) (size 1.175 1.45) (layers B.Cu B.Paste B.Mask) (roundrect_rratio 0.212766)
      (net 1 GND))
    (pad 1 smd roundrect (at -1.0375 0 90) (size 1.175 1.45) (layers B.Cu B.Paste B.Mask) (roundrect_rratio 0.212766)
      (net 2 "Net-(C1-Pad1)"))
    (model ${KISYS3DMOD}/Capacitor_SMD.3dshapes/C_0805_2012Metric.wrl
      (at (xyz 0 0 0))
      (scale (xyz 1 1 1))
      (rotate (xyz 0 0 0))
    )
  )

  (module Capacitor_SMD:C_0805_2012Metric_Pad1.18x1.45mm_HandSolder (layer B.Cu) (tedit 5F68FEEF) (tstamp 60C4593E)
    (at 218.567 75.565 90)
    (descr "Capacitor SMD 0805 (2012 Metric), square (rectangular) end terminal, IPC_7351 nominal with elongated pad for handsoldering. (Body size source: IPC-SM-782 page 76, https://www.pcb-3d.com/wordpress/wp-content/uploads/ipc-sm-782a_amendment_1_and_2.pdf, https://docs.google.com/spreadsheets/d/1BsfQQcO9C6DZCsRaXUlFlo91Tg2WpOkGARC1WS5S8t0/edit?usp=sharing), generated with kicad-footprint-generator")
    (tags "capacitor handsolder")
    (path /60615285)
    (attr smd)
    (fp_text reference C2 (at 2.921 0 90) (layer B.SilkS)
      (effects (font (size 1 1) (thickness 0.15)) (justify mirror))
    )
    (fp_text value 22p (at 0 1.778 90) (layer B.Fab)
      (effects (font (size 1 1) (thickness 0.15)) (justify mirror))
    )
    (fp_line (start 1.88 -0.98) (end -1.88 -0.98) (layer B.CrtYd) (width 0.05))
    (fp_line (start 1.88 0.98) (end 1.88 -0.98) (layer B.CrtYd) (width 0.05))
    (fp_line (start -1.88 0.98) (end 1.88 0.98) (layer B.CrtYd) (width 0.05))
    (fp_line (start -1.88 -0.98) (end -1.88 0.98) (layer B.CrtYd) (width 0.05))
    (fp_line (start -0.261252 -0.735) (end 0.261252 -0.735) (layer B.SilkS) (width 0.12))
    (fp_line (start -0.261252 0.735) (end 0.261252 0.735) (layer B.SilkS) (width 0.12))
    (fp_line (start 1 -0.625) (end -1 -0.625) (layer B.Fab) (width 0.1))
    (fp_line (start 1 0.625) (end 1 -0.625) (layer B.Fab) (width 0.1))
    (fp_line (start -1 0.625) (end 1 0.625) (layer B.Fab) (width 0.1))
    (fp_line (start -1 -0.625) (end -1 0.625) (layer B.Fab) (width 0.1))
    (fp_text user %R (at 0 0 90) (layer B.Fab) hide
      (effects (font (size 0.5 0.5) (thickness 0.08)) (justify mirror))
    )
    (pad 1 smd roundrect (at -1.0375 0 90) (size 1.175 1.45) (layers B.Cu B.Paste B.Mask) (roundrect_rratio 0.212766)
      (net 3 "Net-(C2-Pad1)"))
    (pad 2 smd roundrect (at 1.0375 0 90) (size 1.175 1.45) (layers B.Cu B.Paste B.Mask) (roundrect_rratio 0.212766)
      (net 1 GND))
    (model ${KISYS3DMOD}/Capacitor_SMD.3dshapes/C_0805_2012Metric.wrl
      (at (xyz 0 0 0))
      (scale (xyz 1 1 1))
      (rotate (xyz 0 0 0))
    )
  )

  (module Capacitor_SMD:C_0805_2012Metric_Pad1.18x1.45mm_HandSolder (layer B.Cu) (tedit 5F68FEEF) (tstamp 60C457EE)
    (at 205.613 79.375 90)
    (descr "Capacitor SMD 0805 (2012 Metric), square (rectangular) end terminal, IPC_7351 nominal with elongated pad for handsoldering. (Body size source: IPC-SM-782 page 76, https://www.pcb-3d.com/wordpress/wp-content/uploads/ipc-sm-782a_amendment_1_and_2.pdf, https://docs.google.com/spreadsheets/d/1BsfQQcO9C6DZCsRaXUlFlo91Tg2WpOkGARC1WS5S8t0/edit?usp=sharing), generated with kicad-footprint-generator")
    (tags "capacitor handsolder")
    (path /6062680D)
    (attr smd)
    (fp_text reference C3 (at 0 1.778 90) (layer B.SilkS)
      (effects (font (size 1 1) (thickness 0.15)) (justify mirror))
    )
    (fp_text value 0.1u (at 0 -1.68 90) (layer B.Fab)
      (effects (font (size 1 1) (thickness 0.15)) (justify mirror))
    )
    (fp_line (start 1.88 -0.98) (end -1.88 -0.98) (layer B.CrtYd) (width 0.05))
    (fp_line (start 1.88 0.98) (end 1.88 -0.98) (layer B.CrtYd) (width 0.05))
    (fp_line (start -1.88 0.98) (end 1.88 0.98) (layer B.CrtYd) (width 0.05))
    (fp_line (start -1.88 -0.98) (end -1.88 0.98) (layer B.CrtYd) (width 0.05))
    (fp_line (start -0.261252 -0.735) (end 0.261252 -0.735) (layer B.SilkS) (width 0.12))
    (fp_line (start -0.261252 0.735) (end 0.261252 0.735) (layer B.SilkS) (width 0.12))
    (fp_line (start 1 -0.625) (end -1 -0.625) (layer B.Fab) (width 0.1))
    (fp_line (start 1 0.625) (end 1 -0.625) (layer B.Fab) (width 0.1))
    (fp_line (start -1 0.625) (end 1 0.625) (layer B.Fab) (width 0.1))
    (fp_line (start -1 -0.625) (end -1 0.625) (layer B.Fab) (width 0.1))
    (fp_text user %R (at 0 0 90) (layer B.Fab) hide
      (effects (font (size 0.5 0.5) (thickness 0.08)) (justify mirror))
    )
    (pad 1 smd roundrect (at -1.0375 0 90) (size 1.175 1.45) (layers B.Cu B.Paste B.Mask) (roundrect_rratio 0.212766)
      (net 4 VCC))
    (pad 2 smd roundrect (at 1.0375 0 90) (size 1.175 1.45) (layers B.Cu B.Paste B.Mask) (roundrect_rratio 0.212766)
      (net 1 GND))
    (model ${KISYS3DMOD}/Capacitor_SMD.3dshapes/C_0805_2012Metric.wrl
      (at (xyz 0 0 0))
      (scale (xyz 1 1 1))
      (rotate (xyz 0 0 0))
    )
  )

  (module Capacitor_SMD:C_0805_2012Metric_Pad1.18x1.45mm_HandSolder (layer B.Cu) (tedit 5F68FEEF) (tstamp 60C4587E)
    (at 224.282 83.439 270)
    (descr "Capacitor SMD 0805 (2012 Metric), square (rectangular) end terminal, IPC_7351 nominal with elongated pad for handsoldering. (Body size source: IPC-SM-782 page 76, https://www.pcb-3d.com/wordpress/wp-content/uploads/ipc-sm-782a_amendment_1_and_2.pdf, https://docs.google.com/spreadsheets/d/1BsfQQcO9C6DZCsRaXUlFlo91Tg2WpOkGARC1WS5S8t0/edit?usp=sharing), generated with kicad-footprint-generator")
    (tags "capacitor handsolder")
    (path /60627487)
    (attr smd)
    (fp_text reference C4 (at 0 1.651 90) (layer B.SilkS)
      (effects (font (size 1 1) (thickness 0.15)) (justify mirror))
    )
    (fp_text value 0.1u (at 0 -1.778 90) (layer B.Fab)
      (effects (font (size 1 1) (thickness 0.15)) (justify mirror))
    )
    (fp_line (start 1.88 -0.98) (end -1.88 -0.98) (layer B.CrtYd) (width 0.05))
    (fp_line (start 1.88 0.98) (end 1.88 -0.98) (layer B.CrtYd) (width 0.05))
    (fp_line (start -1.88 0.98) (end 1.88 0.98) (layer B.CrtYd) (width 0.05))
    (fp_line (start -1.88 -0.98) (end -1.88 0.98) (layer B.CrtYd) (width 0.05))
    (fp_line (start -0.261252 -0.735) (end 0.261252 -0.735) (layer B.SilkS) (width 0.12))
    (fp_line (start -0.261252 0.735) (end 0.261252 0.735) (layer B.SilkS) (width 0.12))
    (fp_line (start 1 -0.625) (end -1 -0.625) (layer B.Fab) (width 0.1))
    (fp_line (start 1 0.625) (end 1 -0.625) (layer B.Fab) (width 0.1))
    (fp_line (start -1 0.625) (end 1 0.625) (layer B.Fab) (width 0.1))
    (fp_line (start -1 -0.625) (end -1 0.625) (layer B.Fab) (width 0.1))
    (fp_text user %R (at 0 0 90) (layer B.Fab) hide
      (effects (font (size 0.5 0.5) (thickness 0.08)) (justify mirror))
    )
    (pad 1 smd roundrect (at -1.0375 0 270) (size 1.175 1.45) (layers B.Cu B.Paste B.Mask) (roundrect_rratio 0.212766)
      (net 1 GND))
    (pad 2 smd roundrect (at 1.0375 0 270) (size 1.175 1.45) (layers B.Cu B.Paste B.Mask) (roundrect_rratio 0.212766)
      (net 4 VCC))
    (model ${KISYS3DMOD}/Capacitor_SMD.3dshapes/C_0805_2012Metric.wrl
      (at (xyz 0 0 0))
      (scale (xyz 1 1 1))
      (rotate (xyz 0 0 0))
    )
  )

  (module Capacitor_SMD:C_0805_2012Metric_Pad1.18x1.45mm_HandSolder (layer B.Cu) (tedit 5F68FEEF) (tstamp 60C4590E)
    (at 224.282 91.821 90)
    (descr "Capacitor SMD 0805 (2012 Metric), square (rectangular) end terminal, IPC_7351 nominal with elongated pad for handsoldering. (Body size source: IPC-SM-782 page 76, https://www.pcb-3d.com/wordpress/wp-content/uploads/ipc-sm-782a_amendment_1_and_2.pdf, https://docs.google.com/spreadsheets/d/1BsfQQcO9C6DZCsRaXUlFlo91Tg2WpOkGARC1WS5S8t0/edit?usp=sharing), generated with kicad-footprint-generator")
    (tags "capacitor handsolder")
    (path /60626E75)
    (attr smd)
    (fp_text reference C5 (at 0 -1.651 90) (layer B.SilkS)
      (effects (font (size 1 1) (thickness 0.15)) (justify mirror))
    )
    (fp_text value 0.1u (at 0 1.778 90) (layer B.Fab)
      (effects (font (size 1 1) (thickness 0.15)) (justify mirror))
    )
    (fp_line (start -1 -0.625) (end -1 0.625) (layer B.Fab) (width 0.1))
    (fp_line (start -1 0.625) (end 1 0.625) (layer B.Fab) (width 0.1))
    (fp_line (start 1 0.625) (end 1 -0.625) (layer B.Fab) (width 0.1))
    (fp_line (start 1 -0.625) (end -1 -0.625) (layer B.Fab) (width 0.1))
    (fp_line (start -0.261252 0.735) (end 0.261252 0.735) (layer B.SilkS) (width 0.12))
    (fp_line (start -0.261252 -0.735) (end 0.261252 -0.735) (layer B.SilkS) (width 0.12))
    (fp_line (start -1.88 -0.98) (end -1.88 0.98) (layer B.CrtYd) (width 0.05))
    (fp_line (start -1.88 0.98) (end 1.88 0.98) (layer B.CrtYd) (width 0.05))
    (fp_line (start 1.88 0.98) (end 1.88 -0.98) (layer B.CrtYd) (width 0.05))
    (fp_line (start 1.88 -0.98) (end -1.88 -0.98) (layer B.CrtYd) (width 0.05))
    (fp_text user %R (at 0 0 90) (layer B.Fab) hide
      (effects (font (size 0.5 0.5) (thickness 0.08)) (justify mirror))
    )
    (pad 2 smd roundrect (at 1.0375 0 90) (size 1.175 1.45) (layers B.Cu B.Paste B.Mask) (roundrect_rratio 0.212766)
      (net 4 VCC))
    (pad 1 smd roundrect (at -1.0375 0 90) (size 1.175 1.45) (layers B.Cu B.Paste B.Mask) (roundrect_rratio 0.212766)
      (net 1 GND))
    (model ${KISYS3DMOD}/Capacitor_SMD.3dshapes/C_0805_2012Metric.wrl
      (at (xyz 0 0 0))
      (scale (xyz 1 1 1))
      (rotate (xyz 0 0 0))
    )
  )

  (module Capacitor_SMD:C_0805_2012Metric_Pad1.18x1.45mm_HandSolder (layer B.Cu) (tedit 5F68FEEF) (tstamp 60C4584E)
    (at 205.613 83.566 270)
    (descr "Capacitor SMD 0805 (2012 Metric), square (rectangular) end terminal, IPC_7351 nominal with elongated pad for handsoldering. (Body size source: IPC-SM-782 page 76, https://www.pcb-3d.com/wordpress/wp-content/uploads/ipc-sm-782a_amendment_1_and_2.pdf, https://docs.google.com/spreadsheets/d/1BsfQQcO9C6DZCsRaXUlFlo91Tg2WpOkGARC1WS5S8t0/edit?usp=sharing), generated with kicad-footprint-generator")
    (tags "capacitor handsolder")
    (path /60627C00)
    (attr smd)
    (fp_text reference C6 (at -0.0215 -1.778 90) (layer B.SilkS)
      (effects (font (size 1 1) (thickness 0.15)) (justify mirror))
    )
    (fp_text value 0.1u (at -0.0215 1.651 90) (layer B.Fab)
      (effects (font (size 1 1) (thickness 0.15)) (justify mirror))
    )
    (fp_line (start 1.88 -0.98) (end -1.88 -0.98) (layer B.CrtYd) (width 0.05))
    (fp_line (start 1.88 0.98) (end 1.88 -0.98) (layer B.CrtYd) (width 0.05))
    (fp_line (start -1.88 0.98) (end 1.88 0.98) (layer B.CrtYd) (width 0.05))
    (fp_line (start -1.88 -0.98) (end -1.88 0.98) (layer B.CrtYd) (width 0.05))
    (fp_line (start -0.261252 -0.735) (end 0.261252 -0.735) (layer B.SilkS) (width 0.12))
    (fp_line (start -0.261252 0.735) (end 0.261252 0.735) (layer B.SilkS) (width 0.12))
    (fp_line (start 1 -0.625) (end -1 -0.625) (layer B.Fab) (width 0.1))
    (fp_line (start 1 0.625) (end 1 -0.625) (layer B.Fab) (width 0.1))
    (fp_line (start -1 0.625) (end 1 0.625) (layer B.Fab) (width 0.1))
    (fp_line (start -1 -0.625) (end -1 0.625) (layer B.Fab) (width 0.1))
    (fp_text user %R (at 0 0 90) (layer B.Fab) hide
      (effects (font (size 0.5 0.5) (thickness 0.08)) (justify mirror))
    )
    (pad 1 smd roundrect (at -1.0375 0 270) (size 1.175 1.45) (layers B.Cu B.Paste B.Mask) (roundrect_rratio 0.212766)
      (net 1 GND))
    (pad 2 smd roundrect (at 1.0375 0 270) (size 1.175 1.45) (layers B.Cu B.Paste B.Mask) (roundrect_rratio 0.212766)
      (net 4 VCC))
    (model ${KISYS3DMOD}/Capacitor_SMD.3dshapes/C_0805_2012Metric.wrl
      (at (xyz 0 0 0))
      (scale (xyz 1 1 1))
      (rotate (xyz 0 0 0))
    )
  )

  (module Capacitor_SMD:C_0805_2012Metric_Pad1.18x1.45mm_HandSolder (layer B.Cu) (tedit 5F68FEEF) (tstamp 60C4581E)
    (at 205.613 91.948 270)
    (descr "Capacitor SMD 0805 (2012 Metric), square (rectangular) end terminal, IPC_7351 nominal with elongated pad for handsoldering. (Body size source: IPC-SM-782 page 76, https://www.pcb-3d.com/wordpress/wp-content/uploads/ipc-sm-782a_amendment_1_and_2.pdf, https://docs.google.com/spreadsheets/d/1BsfQQcO9C6DZCsRaXUlFlo91Tg2WpOkGARC1WS5S8t0/edit?usp=sharing), generated with kicad-footprint-generator")
    (tags "capacitor handsolder")
    (path /6062A38D)
    (attr smd)
    (fp_text reference C7 (at 0 -1.778 90) (layer B.SilkS)
      (effects (font (size 1 1) (thickness 0.15)) (justify mirror))
    )
    (fp_text value 4.7u (at 0 1.651 90) (layer B.Fab)
      (effects (font (size 1 1) (thickness 0.15)) (justify mirror))
    )
    (fp_line (start -1 -0.625) (end -1 0.625) (layer B.Fab) (width 0.1))
    (fp_line (start -1 0.625) (end 1 0.625) (layer B.Fab) (width 0.1))
    (fp_line (start 1 0.625) (end 1 -0.625) (layer B.Fab) (width 0.1))
    (fp_line (start 1 -0.625) (end -1 -0.625) (layer B.Fab) (width 0.1))
    (fp_line (start -0.261252 0.735) (end 0.261252 0.735) (layer B.SilkS) (width 0.12))
    (fp_line (start -0.261252 -0.735) (end 0.261252 -0.735) (layer B.SilkS) (width 0.12))
    (fp_line (start -1.88 -0.98) (end -1.88 0.98) (layer B.CrtYd) (width 0.05))
    (fp_line (start -1.88 0.98) (end 1.88 0.98) (layer B.CrtYd) (width 0.05))
    (fp_line (start 1.88 0.98) (end 1.88 -0.98) (layer B.CrtYd) (width 0.05))
    (fp_line (start 1.88 -0.98) (end -1.88 -0.98) (layer B.CrtYd) (width 0.05))
    (fp_text user %R (at 0 0 90) (layer B.Fab) hide
      (effects (font (size 0.5 0.5) (thickness 0.08)) (justify mirror))
    )
    (pad 2 smd roundrect (at 1.0375 0 270) (size 1.175 1.45) (layers B.Cu B.Paste B.Mask) (roundrect_rratio 0.212766)
      (net 1 GND))
    (pad 1 smd roundrect (at -1.0375 0 270) (size 1.175 1.45) (layers B.Cu B.Paste B.Mask) (roundrect_rratio 0.212766)
      (net 4 VCC))
    (model ${KISYS3DMOD}/Capacitor_SMD.3dshapes/C_0805_2012Metric.wrl
      (at (xyz 0 0 0))
      (scale (xyz 1 1 1))
      (rotate (xyz 0 0 0))
    )
  )

  (module Capacitor_SMD:C_0805_2012Metric_Pad1.18x1.45mm_HandSolder locked (layer B.Cu) (tedit 5F68FEEF) (tstamp 60C458AE)
    (at 205.613 87.757 270)
    (descr "Capacitor SMD 0805 (2012 Metric), square (rectangular) end terminal, IPC_7351 nominal with elongated pad for handsoldering. (Body size source: IPC-SM-782 page 76, https://www.pcb-3d.com/wordpress/wp-content/uploads/ipc-sm-782a_amendment_1_and_2.pdf, https://docs.google.com/spreadsheets/d/1BsfQQcO9C6DZCsRaXUlFlo91Tg2WpOkGARC1WS5S8t0/edit?usp=sharing), generated with kicad-footprint-generator")
    (tags "capacitor handsolder")
    (path /60634DFC)
    (attr smd)
    (fp_text reference C8 (at 0 1.778 90) (layer B.SilkS)
      (effects (font (size 1 1) (thickness 0.15)) (justify mirror))
    )
    (fp_text value 1u (at 0 -1.68 90) (layer B.Fab)
      (effects (font (size 1 1) (thickness 0.15)) (justify mirror))
    )
    (fp_line (start -1 -0.625) (end -1 0.625) (layer B.Fab) (width 0.1))
    (fp_line (start -1 0.625) (end 1 0.625) (layer B.Fab) (width 0.1))
    (fp_line (start 1 0.625) (end 1 -0.625) (layer B.Fab) (width 0.1))
    (fp_line (start 1 -0.625) (end -1 -0.625) (layer B.Fab) (width 0.1))
    (fp_line (start -0.261252 0.735) (end 0.261252 0.735) (layer B.SilkS) (width 0.12))
    (fp_line (start -0.261252 -0.735) (end 0.261252 -0.735) (layer B.SilkS) (width 0.12))
    (fp_line (start -1.88 -0.98) (end -1.88 0.98) (layer B.CrtYd) (width 0.05))
    (fp_line (start -1.88 0.98) (end 1.88 0.98) (layer B.CrtYd) (width 0.05))
    (fp_line (start 1.88 0.98) (end 1.88 -0.98) (layer B.CrtYd) (width 0.05))
    (fp_line (start 1.88 -0.98) (end -1.88 -0.98) (layer B.CrtYd) (width 0.05))
    (fp_text user %R (at 4.7205 -0.762 90) (layer B.Fab) hide
      (effects (font (size 0.5 0.5) (thickness 0.08)) (justify mirror))
    )
    (pad 2 smd roundrect (at 1.0375 0 270) (size 1.175 1.45) (layers B.Cu B.Paste B.Mask) (roundrect_rratio 0.212766)
      (net 1 GND))
    (pad 1 smd roundrect (at -1.0375 0 270) (size 1.175 1.45) (layers B.Cu B.Paste B.Mask) (roundrect_rratio 0.212766)
      (net 5 "Net-(C8-Pad1)"))
    (model ${KISYS3DMOD}/Capacitor_SMD.3dshapes/C_0805_2012Metric.wrl
      (at (xyz 0 0 0))
      (scale (xyz 1 1 1))
      (rotate (xyz 0 0 0))
    )
  )

  (module Diode_SMD:D_SOD-123 (layer B.Cu) (tedit 58645DC7) (tstamp 60C129E1)
    (at 154.94 81.28)
    (descr SOD-123)
    (tags SOD-123)
    (path /606B5680)
    (attr smd)
    (fp_text reference D1 (at -3.81 0) (layer B.SilkS)
      (effects (font (size 1 1) (thickness 0.15)) (justify mirror))
    )
    (fp_text value D (at 0 -2.1) (layer B.Fab) hide
      (effects (font (size 1 1) (thickness 0.15)) (justify mirror))
    )
    (fp_line (start -2.25 1) (end -2.25 -1) (layer B.SilkS) (width 0.12))
    (fp_line (start 0.25 0) (end 0.75 0) (layer B.Fab) (width 0.1))
    (fp_line (start 0.25 -0.4) (end -0.35 0) (layer B.Fab) (width 0.1))
    (fp_line (start 0.25 0.4) (end 0.25 -0.4) (layer B.Fab) (width 0.1))
    (fp_line (start -0.35 0) (end 0.25 0.4) (layer B.Fab) (width 0.1))
    (fp_line (start -0.35 0) (end -0.35 -0.55) (layer B.Fab) (width 0.1))
    (fp_line (start -0.35 0) (end -0.35 0.55) (layer B.Fab) (width 0.1))
    (fp_line (start -0.75 0) (end -0.35 0) (layer B.Fab) (width 0.1))
    (fp_line (start -1.4 -0.9) (end -1.4 0.9) (layer B.Fab) (width 0.1))
    (fp_line (start 1.4 -0.9) (end -1.4 -0.9) (layer B.Fab) (width 0.1))
    (fp_line (start 1.4 0.9) (end 1.4 -0.9) (layer B.Fab) (width 0.1))
    (fp_line (start -1.4 0.9) (end 1.4 0.9) (layer B.Fab) (width 0.1))
    (fp_line (start -2.35 1.15) (end 2.35 1.15) (layer B.CrtYd) (width 0.05))
    (fp_line (start 2.35 1.15) (end 2.35 -1.15) (layer B.CrtYd) (width 0.05))
    (fp_line (start 2.35 -1.15) (end -2.35 -1.15) (layer B.CrtYd) (width 0.05))
    (fp_line (start -2.35 1.15) (end -2.35 -1.15) (layer B.CrtYd) (width 0.05))
    (fp_line (start -2.25 -1) (end 1.65 -1) (layer B.SilkS) (width 0.12))
    (fp_line (start -2.25 1) (end 1.65 1) (layer B.SilkS) (width 0.12))
    (fp_text user %R (at 0 2) (layer B.Fab) hide
      (effects (font (size 1 1) (thickness 0.15)) (justify mirror))
    )
    (pad 2 smd rect (at 1.65 0) (size 0.9 1.2) (layers B.Cu B.Paste B.Mask)
      (net 6 "Net-(D1-Pad2)"))
    (pad 1 smd rect (at -1.65 0) (size 0.9 1.2) (layers B.Cu B.Paste B.Mask)
      (net 7 /row0))
    (model ${KISYS3DMOD}/Diode_SMD.3dshapes/D_SOD-123.wrl
      (at (xyz 0 0 0))
      (scale (xyz 1 1 1))
      (rotate (xyz 0 0 0))
    )
  )

  (module Diode_SMD:D_SOD-123 (layer B.Cu) (tedit 58645DC7) (tstamp 60C129FA)
    (at 173.99 81.28)
    (descr SOD-123)
    (tags SOD-123)
    (path /606D082A)
    (attr smd)
    (fp_text reference D2 (at -3.81 0) (layer B.SilkS)
      (effects (font (size 1 1) (thickness 0.15)) (justify mirror))
    )
    (fp_text value D (at 0 -2.1) (layer B.Fab) hide
      (effects (font (size 1 1) (thickness 0.15)) (justify mirror))
    )
    (fp_line (start -2.25 1) (end -2.25 -1) (layer B.SilkS) (width 0.12))
    (fp_line (start 0.25 0) (end 0.75 0) (layer B.Fab) (width 0.1))
    (fp_line (start 0.25 -0.4) (end -0.35 0) (layer B.Fab) (width 0.1))
    (fp_line (start 0.25 0.4) (end 0.25 -0.4) (layer B.Fab) (width 0.1))
    (fp_line (start -0.35 0) (end 0.25 0.4) (layer B.Fab) (width 0.1))
    (fp_line (start -0.35 0) (end -0.35 -0.55) (layer B.Fab) (width 0.1))
    (fp_line (start -0.35 0) (end -0.35 0.55) (layer B.Fab) (width 0.1))
    (fp_line (start -0.75 0) (end -0.35 0) (layer B.Fab) (width 0.1))
    (fp_line (start -1.4 -0.9) (end -1.4 0.9) (layer B.Fab) (width 0.1))
    (fp_line (start 1.4 -0.9) (end -1.4 -0.9) (layer B.Fab) (width 0.1))
    (fp_line (start 1.4 0.9) (end 1.4 -0.9) (layer B.Fab) (width 0.1))
    (fp_line (start -1.4 0.9) (end 1.4 0.9) (layer B.Fab) (width 0.1))
    (fp_line (start -2.35 1.15) (end 2.35 1.15) (layer B.CrtYd) (width 0.05))
    (fp_line (start 2.35 1.15) (end 2.35 -1.15) (layer B.CrtYd) (width 0.05))
    (fp_line (start 2.35 -1.15) (end -2.35 -1.15) (layer B.CrtYd) (width 0.05))
    (fp_line (start -2.35 1.15) (end -2.35 -1.15) (layer B.CrtYd) (width 0.05))
    (fp_line (start -2.25 -1) (end 1.65 -1) (layer B.SilkS) (width 0.12))
    (fp_line (start -2.25 1) (end 1.65 1) (layer B.SilkS) (width 0.12))
    (fp_text user %R (at 0 2) (layer B.Fab) hide
      (effects (font (size 1 1) (thickness 0.15)) (justify mirror))
    )
    (pad 2 smd rect (at 1.65 0) (size 0.9 1.2) (layers B.Cu B.Paste B.Mask)
      (net 8 "Net-(D2-Pad2)"))
    (pad 1 smd rect (at -1.65 0) (size 0.9 1.2) (layers B.Cu B.Paste B.Mask)
      (net 7 /row0))
    (model ${KISYS3DMOD}/Diode_SMD.3dshapes/D_SOD-123.wrl
      (at (xyz 0 0 0))
      (scale (xyz 1 1 1))
      (rotate (xyz 0 0 0))
    )
  )

  (module Diode_SMD:D_SOD-123 (layer B.Cu) (tedit 58645DC7) (tstamp 60C12A13)
    (at 193.04 81.28)
    (descr SOD-123)
    (tags SOD-123)
    (path /606E611C)
    (attr smd)
    (fp_text reference D3 (at -3.81 0) (layer B.SilkS)
      (effects (font (size 1 1) (thickness 0.15)) (justify mirror))
    )
    (fp_text value D (at 0 -2.1) (layer B.Fab) hide
      (effects (font (size 1 1) (thickness 0.15)) (justify mirror))
    )
    (fp_line (start -2.25 1) (end 1.65 1) (layer B.SilkS) (width 0.12))
    (fp_line (start -2.25 -1) (end 1.65 -1) (layer B.SilkS) (width 0.12))
    (fp_line (start -2.35 1.15) (end -2.35 -1.15) (layer B.CrtYd) (width 0.05))
    (fp_line (start 2.35 -1.15) (end -2.35 -1.15) (layer B.CrtYd) (width 0.05))
    (fp_line (start 2.35 1.15) (end 2.35 -1.15) (layer B.CrtYd) (width 0.05))
    (fp_line (start -2.35 1.15) (end 2.35 1.15) (layer B.CrtYd) (width 0.05))
    (fp_line (start -1.4 0.9) (end 1.4 0.9) (layer B.Fab) (width 0.1))
    (fp_line (start 1.4 0.9) (end 1.4 -0.9) (layer B.Fab) (width 0.1))
    (fp_line (start 1.4 -0.9) (end -1.4 -0.9) (layer B.Fab) (width 0.1))
    (fp_line (start -1.4 -0.9) (end -1.4 0.9) (layer B.Fab) (width 0.1))
    (fp_line (start -0.75 0) (end -0.35 0) (layer B.Fab) (width 0.1))
    (fp_line (start -0.35 0) (end -0.35 0.55) (layer B.Fab) (width 0.1))
    (fp_line (start -0.35 0) (end -0.35 -0.55) (layer B.Fab) (width 0.1))
    (fp_line (start -0.35 0) (end 0.25 0.4) (layer B.Fab) (width 0.1))
    (fp_line (start 0.25 0.4) (end 0.25 -0.4) (layer B.Fab) (width 0.1))
    (fp_line (start 0.25 -0.4) (end -0.35 0) (layer B.Fab) (width 0.1))
    (fp_line (start 0.25 0) (end 0.75 0) (layer B.Fab) (width 0.1))
    (fp_line (start -2.25 1) (end -2.25 -1) (layer B.SilkS) (width 0.12))
    (fp_text user %R (at 0 2) (layer B.Fab) hide
      (effects (font (size 1 1) (thickness 0.15)) (justify mirror))
    )
    (pad 1 smd rect (at -1.65 0) (size 0.9 1.2) (layers B.Cu B.Paste B.Mask)
      (net 7 /row0))
    (pad 2 smd rect (at 1.65 0) (size 0.9 1.2) (layers B.Cu B.Paste B.Mask)
      (net 9 "Net-(D3-Pad2)"))
    (model ${KISYS3DMOD}/Diode_SMD.3dshapes/D_SOD-123.wrl
      (at (xyz 0 0 0))
      (scale (xyz 1 1 1))
      (rotate (xyz 0 0 0))
    )
  )

  (module Diode_SMD:D_SOD-123 (layer B.Cu) (tedit 58645DC7) (tstamp 60C12A2C)
    (at 154.94 100.33)
    (descr SOD-123)
    (tags SOD-123)
    (path /606BC73D)
    (attr smd)
    (fp_text reference D4 (at -3.81 0) (layer B.SilkS)
      (effects (font (size 1 1) (thickness 0.15)) (justify mirror))
    )
    (fp_text value D (at 0 -2.1) (layer B.Fab) hide
